lr: 0.0003 	 Weight_decay:3e-05 =====> Precision:0.00030303030303030303 	 Recall:0.0030303030303030303 	 NDCG:0.0009122121080726703
lr: 0.0003 	 Weight_decay:3e-05 =====> Precision:0.006060606060606061 	 Recall:0.0020895167286101683 	 NDCG:0.000937950937950938
